Distanz				Signal
7,098870966569263 -58,5
12,423208120288416 -74,3125
4,096417215079538 -54,8125
25,369737720362817 -60,96917283535004
13,676422046719676 -60,895835399627686
8,973411614319271 -66,54634380340576
8,168093290358529 -65,01029062271118
8,361871859817034 -67,11314964294434
18,037648239169098 -77,39412021636963
7,847011660498537 -48,7360280752182
15,011612838066402 -68,20342063903809
32,32847221877335 -78,48156189918518
23,006105733044 -79,23489379882812
24,128480930220206 -59,57485592365265
11,207342236230675 -59,801687121391296
8,872548450135396 -60,71670341491699
12,031115825225855 -70,37363409996033
15,690312329587323 -73,2261962890625
25,16350043217358 -74,0319396853447
11,216287665711858 -75,5
6,739510367971845 -57,625
12,013210395227418 -70,75
14,22334872665365 -78,25
15,386647263130458 -60,1875
27,10143154890531 -69,48572528362274
16,67058847191664 -62,479947566986084
11,644832158515637 -68,96043002605438
8,596496263013206 -64,42655670642853
4,261678190572347 -61,3215389251709
13,951693588951844 -69,19787728786469
21,13621517680022 -63,99761879444122
10,31874604784903 -55,39728498458862
13,17710575202309 -67,36577606201172
12,621796544074066 -70,15088319778442
8,264435915414916 -59,72629928588867
20,13260425280346 -78,83934009075165
36,552858055150764 -78,75
28,98695223717043 -79,875
15,192220673752736 -75,0625
21,668920139222447 -76,25
5,310325225445236 -58,125
26,598052409904 -67,0625
15,25725139073221 -68,5
9,258818283128791 -69,5
7,342189591668142 -63,25
7,035588177259951 -71,625
16,19936893832596 -72,375
27,482613048980625 -75,78557968139648
22,61856794759562 -77,2359528541565
15,784232290485336 -76,64907836914062
6,652124021694123 -57,606286466121674
12,864594397026282 -64,75
18,489288791081176 -76,5625
2,1763901304683406 -52,375
8,17049502784256 -72,42816162109375
14,552147607827514 -64,98479759693146
25,170985360132413 -79,92751491069794
2,667162162299098 -52,166589975357056
16,845503524679813 -76,54901123046875
9,981232388838563 -67,26069641113281
7,0613386832809555 -62,22986030578613
10,95882881516086 -69,48458528518677
22,01008300756724 -63,83989214897156
10,80244921302572 -56,5
15,645222913081168 -70,5
2,2943657075540513 -54,0
20,22330311793798 -78,27822494506836
14,188904115540423 -69,51001358032227
10,857186744272202 -62,421669006347656
6,215861082746299 -72,04953169822693
23,448491507984052 -57,187174797058105
14,818535318984802 -72,10009765625
9,081024171314597 -58,089314460754395
10,003524578867191 -69,2366042137146
11,03195037153449 -71,96904182434082
18,892716956541747 -60,03336560726166
28,108144584799614 -71,9375
17,42881292572733 -66,6875
10,838326254546871 -76,5
7,5121600089454965 -66,1875
5,042420153061425 -67,0
13,488571236420853 -73,625
15,458912930733518 -76,83392333984375
11,196651285094127 -58,627967834472656
13,291143818347615 -70,15304183959961
17,477178090298217 -58,70621758699417
9,0975265319756 -68,5322265625
6,299603162104736 -57,26143801212311
13,857362808269114 -68,32498264312744
16,291406599799785 -75,36990356445312
13,110063081465322 -58,267291724681854
7,931667479162247 -53,75
12,441241899424671 -70,25
4,376248850328327 -54,0
9,957308321027325 -64,09202575683594
14,854124006483858 -72,29452848434448
24,67335615598332 -79,84131371974945
2,4126238828296467 -50,18839371204376
19,666544917702247 -78,53551959991455
12,474173319302565 -69,51336669921875
6,202781956509514 -59,99604034423828
10,375833894198577 -61,178505420684814
24,992674006596417 -64,64147591590881
35,51257090102039 -79,4375
27,956374943829896 -77,75
22,419619443692618 -79,1875
9,930421995061439 -78,0
15,13688372816545 -75,5
5,774910735240849 -55,0
12,598610597998494 -75,33065032958984
10,753836524701311 -56,62102508544922
16,370293338850104 -70,94315767288208
13,016019130287109 -58,169185400009155
6,55835261327111 -59,25274658203125
8,39434333345974 -66,78687191009521
17,996069126339787 -77,5073413848877
8,737205159546157 -59,413684487342834
