Distanz				Signal
26,038438739678693 -67,375
13,938465482254495 -60,125
7,5349197739591105 -64,125
7,4743058540576195 -61,3125
9,83711344856813 -68,75
14,986216633960687 -87,0
21,69543730833744 -93,0
18,82075859257538 -66,875
26,08017622639847 -66,63561582565308
13,59501820521032 -57,74398732185364
6,653128286753533 -60,86918497085571
7,909851326036414 -69,27506065368652
11,681904853233481 -70,80690002441406
15,835418813533161 -84,92933654785156
22,131708022653832 -90,859375
32,34751928664701 -92,6121826171875
20,428895075358334 -76,36598980426788
28,444957233225015 -66,18266141414642
17,71339944787561 -61,88953971862793
10,65664656446858 -75,00300121307373
7,21358080290226 -61,69878435134888
5,263259541386876 -58,804229736328125
11,87899360215334 -86,29595947265625
19,49775628117246 -89,29150390625
30,605751158891692 -91,47085571289062
13,30393753743605 -68,115509390831
27,10143154890531 -73,07028484344482
16,67058847191664 -64,84884268045425
11,644832158515637 -71,94559717178345
8,596496263013206 -62,414522647857666
4,261678190572347 -62,06456184387207
13,317638266599674 -85,396484375
20,974329548283542 -90,79405212402344
32,09604343217401 -91,80029296875
13,951693588951844 -67,2625572681427
51,09378721527697 -91,0
40,61969990041778 -91,515625
12,598610597998494 -70,412109375
10,753836524701311 -56,811763763427734
16,370293338850104 -73,38729786872864
13,871551066841803 -81,04284811019897
13,016019130287109 -55,23210310935974
48,90256733546819 -91,0400390625
37,82652534928367 -91,76171875
17,180403022048115 -93,546875
22,802958163361176 -89,6875
9,0975265319756 -68,363525390625
6,299603162104736 -55,30060625076294
13,857362808269114 -69,51465713977814
16,291406599799785 -74,55261039733887
13,110063081465322 -57,960739970207214
45,32531323664515 -90,296875
16,574950648493648 -77,20905303955078
11,730515760187187 -62,23644542694092
12,458350773677871 -69,33546257019043
8,805903076913804 -68,0654067993164
18,96830920245661 -64,18953365087509
35,51257090102039 -79,375
27,956374943829896 -77,625
22,419619443692618 -79,75
17,440136696711985 -79,6875
9,930421995061439 -77,5
15,13688372816545 -74,0
21,857227637557333 -82,5
32,37261286952291 -87,375
5,774910735240849 -56,9375
42,3476220347731 -90,63620948791504
32,040068976205404 -87,83767700195312
13,397247777062272 -90,540771484375
15,724976979315423 -91,25
6,245797707258856 -56,240325927734375
10,652933868188613 -72,37317848205566
20,838582101477062 -77,6138687133789
22,58882309904613 -90,58132934570312
5,92863846089471 -53,80770641565323
48,55737937739227 -91,3125
38,40244809904702 -91,2734375
19,256849378857385 -91,8125
21,76892052904783 -90,0
11,301459595999093 -69,62126159667969
11,474537027697457 -68,98188781738281
18,74498610295564 -79,37071704864502
16,63904832014139 -85,23924255371094
10,061150729414603 -56,690317928791046
24,196520245688223 -59,6288640499115
11,3530841624644 -58,022998332977295
8,37150619661719 -61,837897539138794
10,960919122044466 -68,20062446594238
14,210309672910016 -70,2955322265625
19,036005069341623 -89,89459228515625
24,998649963548033 -92,5625
34,85923125945264 -92,79302978515625
23,7198809862107 -70,90570509433746
35,86782809148053 -77,98793488740921
28,127389142968816 -82,92226243019104
22,12603932022177 -80,63965225219727
17,09743395951568 -78,06115037202835
10,049323410060998 -81,5648193359375
14,590852922293474 -80,66474914550781
21,25899809492442 -78,18388748168945
31,756802483877376 -87,40612602233887
31,446429511154363 -89,65439248085022
5,1571071348189 -62,04677438735962
23,100986818748677 -62,89915722608566
12,434649974969139 -61,10364103317261
12,327129268406331 -68,3708143234253
11,038104366239704 -60,67836546897888
6,525940621856745 -58,6207275390625
18,05817692902581 -78,47271591424942
42,481514709341525 -87,31206130981445
33,3986230255081 -87,89517974853516
17,324729377395773 -92,5
15,690312329587323 -90,84375
11,356407398468937 -63,76202201843262
15,826086060678428 -78,5932207107544
25,270427459779942 -85,0948896408081
23,805523077638938 -91,96875
3,082491524724764 -45,48585486412048
15,723472644425597 -59,72283810377121
7,877342191373941 -51,033921241760254
18,994423286849223 -73,18198823928833
18,594777438840186 -74,80961227416992
11,364017819415807 -70,36790466308594
23,97794307274917 -84,98964464664459
54,985989961080094 -93,0
44,11947438490173 -91,03125
15,458912930733518 -73,32608032226562
11,196651285094127 -66,10604858398438
13,291143818347615 -71,70531034469604
9,975616722789624 -83,22836637496948
17,477178090298217 -56,494858741760254
12,03509833777855 -57,55671954154968
8,716910002976972 -61,08717465400696
23,417987018529153 -68,01705837249756
23,083711746597427 -73,63884925842285
14,90036580087885 -75,89447021484375
27,3752945920222 -89,45777559280396
25,84352127710154 -64,56619024276733
13,135315755626127 -65,34065914154053
6,626018110449141 -63,16218686103821
8,841478835579487 -67,64175188541412
13,104194023288878 -66,32223510742188
16,917165513170342 -91,6669921875
32,89060662256019 -92,9423828125
21,883983960878787 -75,27954375743866
12,35159054535083 -73,125
9,314209574623067 -56,0625
14,371318798217514 -69,75
13,271726677414662 -72,25
14,327443386731632 -61,8125
9,95427506149996 -52,0338499546051
10,381354439570975 -58,48936092853546
26,381397157845907 -77,66318321228027
26,07845371182885 -77,96804022789001
17,50545346456355 -81,7071533203125
29,802965523585062 -89,591024518013
11,174774807574424 -53,49648094177246
11,55683866807874 -65,70951724052429
26,642787316645382 -75,3871443271637
26,03804424299183 -76,05490493774414
16,87269690950442 -80,16389274597168
28,98530237896441 -88,05053472518921
44,12264420906798 -91,25
34,62918104720353 -84,5
22,60255065252592 -92,0
17,359626954517196 -90,0
17,25848142218776 -90,0
10,567725819683249 -56,0
14,062382443953087 -77,125
23,13286718070201 -85,5
21,68849854185393 -85,8125
4,940424475690323 -49,1875
41,55888703995814 -92,63037109375
32,216921330257485 -86,2713623046875
21,13933811641225 -91,62890625
15,82726280820534 -90,39064407348633
14,703363594769735 -89,23046875
9,957308321027325 -54,16835021972656
14,854124006483858 -71,3447494506836
24,67335615598332 -80,77555656433105
24,218441919330814 -87,07715034484863
2,4126238828296467 -46,69275677204132
29,12736843588861 -65,11915695667267
18,78969185484424 -73,96467244625092
11,871146364189094 -73,41701221466064
7,964279502880346 -68,70478004217148
4,410090815391447 -63,11126708984375
11,518701706355625 -89,03240966796875
19,280365660432896 -91,07275390625
30,467720689280323 -92,3028564453125
11,934226158406751 -70,81293374300003
51,63492124521931 -94,5
40,826192817846724 -93,453125
12,29455119148316 -72,66842269897461
9,195923009682062 -53,5311279296875
14,255613069945468 -71,91069173812866
13,295898954188845 -77,90455055236816
14,372917379571902 -64,25641912221909
