Distanz				Signal
16,845503524679813 -75,65442849405065
9,981232388838563 -67,89213930995118
7,0613386832809555 -62,75949248698524
10,95882881516086 -69,27794548312123
22,01008300756724 -79,62053038667725
16,52318347050592 -75,3679007161506
9,372327352370915 -66,95859038434811
19,35582899283831 -77,71462216738644
18,538062142521802 -77,07439699411486
10,362813372824968 -68,44856266540275
16,55610911416085 -75,39742526150191
15,703572587153536 -74,613347624793
8,6973283254112 -65,85002729193809
19,719221992766347 -77,99048585646204
19,097490620497766 -77,51534082945344
11,200053615943096 -69,60086647280659
17,369077379066514 -76,10837601073837
8,070315483300513 -64,74031099895758
14,696221283037351 -73,63007406007594
22,467765821282722 -79,92577019673317
16,42160747308253 -75,27644502614433
7,988474197241924 -64,58914002539282
18,21193334053252 -76,81115917685332
17,797329799719957 -76,46961807159741
10,810592074442546 -69,07595974344389
16,759616612560087 -75,57861831940312
17,97163954679706 -76,61416993655519
10,937188898432723 -69,24863009787016
8,170370187451729 -64,92305522368741
15,192220673752736 -74,12236603224471
21,668920139222447 -79,38884273604758
5,310325225445236 -58,53288624178478
15,309722139869164 -74,2366335902687
9,380006396586305 -66,97073704458327
20,801108528153012 -78,78265328880998
20,03805749068507 -78,22836936476443
11,569265361292393 -70,08189247202188
17,845440566150224 -76,50965641513969
21,649717042030826 -79,37569346921849
22,32053424539834 -79,8282615878154
14,09854563421348 -73,01430283624654
7,851432990225414 -64,33250590686848
8,902275214797621 -66,19545971056388
12,269226911260546 -70,95310732964944
19,032964929300952 -77,4651451773014
9,854927295520755 -67,70326445113568
13,540624800946226 -72,4154617528739
19,67505783981333 -77,95723200621549
18,96657557388787 -77,41332181772182
13,25084902940185 -72,09462255883301
11,217063073728346 -69,6233733797624
6,863375918598659 -62,337765411657756
21,954196728643936 -79,58282438519059
19,072797172937168 -77,49615143063221
10,052488249184876 -67,99764255580469
16,494608694964544 -75,34222988550775
15,538074140639182 -74,45621401709647
8,244264733740662 -65,05658837790305
14,103004963482073 -73,0189931465076
21,36502958107009 -79,17937447235651
20,810159874445944 -78,78910548030487
18,999592627211772 -77,4391174791512
13,95786932164075 -72,86557322103104
10,059212096382103 -68,00755941339995
2,48110882469915 -47,24715452821269
4,498416276869005 -56,07198677211407
12,845212688001705 -71,63351538159569
20,677584481752216 -78,69431830264926
11,402269686338768 -69,8662531926923
21,098069105963226 -78,99288856395361
14,46181579193982 -73,39160948695442
9,985877427647507 -67,8990397877534
4,054984710205452 -54,53283189687944
2,405150515040587 -46,786008173509714
11,371916681017321 -69,82671979877138
19,193032589979104 -77,58935396529301
9,315994525545836 -66,86917802192599
22,139151293579435 -79,7072470620671
17,151082064989367 -75,92105557750692
12,67320985386102 -71,43357828981301
4,057203593609766 -54,54094527066697
3,6651396972011856 -53,033691684000274
13,22353920098549 -72,06402419478918
20,914707743595176 -78,86342897842687
8,632887929308477 -65,73973091779885
19,28319517092538 -77,65886274404109
14,371299454120354 -73,29848972685443
7,38206617418186 -63,41827644513344
4,459400071758532 -55,94279030660047
12,913287304168525 -71,7119071855274
20,144602254698405 -78,30701949835941
5,72134197544597 -59,63855352900941
13,59501820521032 -72,4749199477357
6,653128286753533 -61,87633440532819
7,909851326036414 -64,44244814690046
11,681904853233481 -70,22559164871392
13,436991813646387 -72,3015150954307
15,835418813533161 -74,73734927032103
22,131708022653832 -79,70225992971237
20,428895075358334 -78,51486257886808
20,496401342674766 -78,56379060211108
18,802179900213698 -77,2842101569877
12,35159054535083 -71,05233657016763
9,314209574623067 -66,86633608991914
14,371318798217514 -73,29850968991633
13,271726677414662 -72,11797170362169
14,327443386731632 -73,25316114146415
22,535917820226448 -79,9706897969476
11,350441401108592 -69,79868544317199
11,751515476737458 -70,31370589558404
11,133092472444483 -69,5119301290888
8,021278015378845 -64,64991788589387
12,18301067060191 -70,84852042977175
17,766470921373216 -76,4438799355424
19,34339044738538 -77,70508822722047
19,902518634584922 -78,12770953929979
12,864015741594846 -71,65520962124013
10,173605506407254 -68,17526760753906
16,644308006042184 -75,47622515405297
6,201431608910962 -60,833600384257664
20,22330311793798 -78,36484891962567
14,188904115540423 -73,10905336007824
10,857186744272202 -69,13974606080998
6,215861082746299 -60,868069392459205
17,4723280646856 -76,19627898401228
16,81445512052056 -75,62706756480026
10,964408283167861 -69,28549454760766
10,941617293617977 -69,25463391934096
14,754829717756827 -73,68910299037191
22,35472945486033 -79,85096563305501
4,3412848328576645 -55,54466429445876
13,208769511199748 -72,04744966044231
8,175605176376854 -64,93255492514284
21,940011759340514 -79,57323863276149
21,586888335283525 -79,33259003712466
13,65872984577995 -72,54426226610845
19,89750610001163 -78,1239737785362
19,07433479836191 -77,49734705201888
11,02024958882511 -69,36083735552843
9,17623283270428 -66,64499009951804
16,702155220210354 -75,52768140262093
6,9232762475579435 -62,466643218411825
21,429378152433635 -79,22397676999003
21,182899919510547 -79,05240190027413
13,55868684644645 -72,435232075287
8,380035799446205 -65,29884659494199
11,023361737691458 -69,36502512373832
11,986364294480625 -70,60717719667912
17,39510718564275 -76,13058577710906
18,646454032871773 -77,16086210453676
20,47793693222049 -78,55042376851492
14,253183819764622 -73,17609091246092
10,907428156994662 -69,20821863288688
12,100619818835728 -70,74788009835245
19,99546208518323 -78,1968088438463
18,050676690916603 -76,67925259984598
8,595449610113482 -65,67527264421872
