Distanz				Signal
36,16187345810501 -86,98426899038819
27,10693675058102 -82,7096971087882
18,47337586907168 -77,02255500812356
13,278036300598067 -72,12502103291989
9,331393304324923 -66,8936727932962
4,083656327361547 -54,63732968711234
10,38051005490578 -68,47386838143903
17,31430044789567 -76,06152902129993
28,08854755945918 -83,23727500409395
29,455049295494312 -83,94180559571382
3,30511028560319 -51,50020038686428
23,94776799620374 -80,87190118732647
12,477520587039718 -71,20278127747345
10,346985841296972 -68,42589314154323
9,647888266351348 -67,38836185642037
8,054868155345561 -64,71189559427098
11,448613409492 -69,92641121398256
16,44379788856577 -75,29647274662956
23,5896693491028 -80,64845129783527
34,356804333348585 -86,22483580641199
41,626895500385324 -89,0716228775747
18,64166714647593 -77,15705418610581
55,61069224528679 -93,36715598716609
44,46173658326899 -90,04873628864095
27,367016936451073 -82,85131779177941
23,54778647771378 -80,62209554421221
29,42157203481826 -83,92493959571331
23,043746418497147 -80,3011879364627
15,649568332704899 -74,56225568815978
10,381955499808308 -68,47593341746494
11,197790139130133 -69,59786886469237
9,867822910855262 -67,72265899958136
18,87102948967014 -77,33841951124633
24,476043225979154 -81,19551237314082
11,552091585509526 -70,05986028725545
8,685932074337217 -65,83058104259604
12,029332816079204 -70,66024861475435
16,043690379710025 -74,93114089316444
18,360363531259395 -76,93154557157293
20,183282413918704 -78,33546987098256
25,77677248997632 -81,9634545864838
35,31028042935938 -86,63082484223989
45,35148100117569 -90,34259883638455
25,364020856323236 -81,72404817055084
43,634265113554974 -89,77011479373141
33,142450422381266 -85,69113461234573
18,908665103597343 -77,36796871077937
13,914821163062067 -72,81976103168631
17,111835114913887 -75,88707844050617
10,72596144874668 -68,95939731216293
6,225832394146183 -60,89184205851754
9,472328119316815 -67,11599744911513
19,411401391965498 -77,75714279669485
21,267015046780777 -79,11117828440169
7,313942438931277 -63,28077502603342
25,84352127710154 -82,00181013200091
13,135315755626127 -71,96474365940169
6,626018110449141 -61,81577692435086
8,841478835579487 -66,09382573341402
13,104194023288878 -71,92956224748158
14,92141913492145 -73,85561592749482
16,917165513170342 -75,717387483777
22,918169647683474 -80,22014460574024
32,89060662256019 -85,57800482249112
42,21493135135956 -89,27966688379836
21,883983960878787 -79,53531614351306
28,108144584799614 -83,24761890696676
17,42881292572733 -76,15929565598357
10,838326254546871 -69,113959812166
7,5121600089454965 -63,67736893853787
5,042420153061425 -57,765122869977674
6,30082923114093 -61,06943177138872
12,228024738280505 -70,90321794100237
19,85100753110532 -78,08927422342299
30,95919256053039 -84,68046570828488
36,914191430938864 -87,28965324636094
13,488571236420853 -72,35833718888915
9,699948041097953 -67,46817528058662
9,944683001483758 -67,83773073867707
26,170428273148303 -82,18823983866545
25,957776252984385 -82,06723460063083
17,583964314113015 -76,29073850480862
23,926847870122803 -80,85893942547283
31,841271786786407 -85,09712235692304
39,44883394981404 -88,27456692672745
50,47062119689038 -91,92876990097152
55,85973083537013 -93,43342534115934
29,93571368783447 -84,18187540285425
43,98746516906834 -89,8896831627832
34,17809269107918 -86,14748816404037
21,477793555204872 -79,25744701258323
16,287241878230947 -75,15459369708296
17,139687890973978 -75,91119935175891
10,96399785662146 -69,2849393681453
9,227675167668181 -66,72790198002635
12,634278768493278 -71,38794804288537
21,917721231916428 -79,55816287266708
21,37977850680404 -79,189609335727
5,3861631984187035 -58,74319520537446
33,83674174621428 -85,99861852838941
25,4867420436587 -81,795634143781
19,28319517092538 -77,65886274404109
14,371299454120354 -73,29848972685443
7,38206617418186 -63,41827644513344
4,459400071758532 -55,94279030660047
12,913287304168525 -71,7119071855274
20,144602254698405 -78,30701949835941
31,0218391459952 -84,71044654621554
32,280612277340715 -85,30036122486193
5,72134197544597 -59,63855352900941
51,64970892463965 -92,27126804623913
40,86071169228456 -88,79609739664647
24,82665736662912 -81,40645825687795
20,496401342674766 -78,56379060211108
25,187349225355174 -81,62038113711364
18,802179900213698 -77,2842101569877
12,35159054535083 -71,05233657016763
9,314209574623067 -66,86633608991914
14,371318798217514 -73,29850968991633
13,271726677414662 -72,11797170362169
14,327443386731632 -73,25316114146415
41,322525237453725 -88,96278104985427
32,51325914146412 -85,40686626358536
22,627850450274767 -80,03106868756277
17,306364378459158 -76,05472955104642
14,633724782159872 -73,56686925298013
9,350307428100962 -66,92370415186745
11,946421598118826 -70,5576721423381
16,96245854821759 -75,75704249840791
26,63716396315494 -82,45041465308219
25,26206501852135 -81,66431117882024
2,1579513432883517 -45,177522284026374
26,08017622639847 -82,13700431406411
13,59501820521032 -72,4749199477357
6,653128286753533 -61,87633440532819
7,909851326036414 -64,44244814690046
11,681904853233481 -70,22559164871392
13,436991813646387 -72,3015150954307
15,835418813533161 -74,73734927032103
22,131708022653832 -79,70225992971237
32,34751928664701 -85,33106948333315
41,19490780424202 -88,91690672801438
20,428895075358334 -78,51486257886808
36,552858055150764 -87,14376375945368
28,98695223717043 -83,70421725034039
23,028866146643 -80,29160776998782
17,97163954679706 -76,61416993655519
10,937188898432723 -69,24863009787016
8,170370187451729 -64,92305522368741
15,192220673752736 -74,12236603224471
21,668920139222447 -79,38884273604758
32,025653529631526 -85,18275673115075
31,218166329879146 -84,80401237532092
5,310325225445236 -58,53288624178478
43,66274718796333 -89,77979260763294
33,58643803680289 -85,88849881681267
20,34144085358753 -78,45123547281469
15,202304035901927 -74,13220648407415
16,89373851460949 -75,69683496979317
10,591163722651066 -68,77182672648945
7,949231975480398 -64,51610458297259
11,428560714280692 -69,9004110850657
21,00638721912933 -78,9282991743821
21,428817722870296 -79,22358889465261
5,8661532540498795 -60,009268773750044
29,86957636124088 -84,14907250384542
19,920856407293336 -78,1413683714245
13,144737197829404 -71,97537764789047
8,906388044544208 -66,2023100869296
3,9618052703281617 -54,18805023214561
3,446846239680558 -52,12295824026616
11,346827265804306 -69,79396224869818
19,178177702795438 -77,57787060749519
30,403157796518443 -84,41167338491928
35,03513135411369 -86,51480306572606
10,599846885686604 -68,78398106494717
12,03509833777855 -70,66735531559803
8,716910002976972 -65,88338149814037
23,417987018529153 -80,54011750539054
23,083711746597427 -80,32688769143729
14,90036580087885 -73,83467517255487
21,19588990818739 -79,06149402218497
28,97653341930328 -83,69888551023399
36,569283558746406 -87,15042683616548
47,58556508017952 -91,05577913658809
53,117976514547316 -92,68699799629155
27,3752945920222 -82,85580306845874
19,75124279634069 -78,01454970560162
9,413847247539127 -67,02414807038362
14,617596108799832 -73,550513963946
14,112892970613785 -73,02938803722864
8,761329864809337 -65,95876658822225
14,022686939385048 -72,93428679105634
20,485250523242325 -78,5557196949957
27,86130829663245 -83,11680142778899
38,745606254129 -88,00779703311566
45,334373592231316 -90,33700319714212
20,999446516515622 -78,92339801476393
39,07422541778659 -88,13305639514863
30,885271894545465 -84,64501129852403
22,904052392535252 -80,2110060167081
17,65611078352195 -76,35146579184322
12,789288525950143 -71,56880405277948
8,52280757731864 -65,54939863540937
13,554150250015676 -72,4302688932866
19,384143004012326 -77,73630156391695
29,40963284367896 -83,91891993265364
28,188826314694268 -83,29012933576871
2,9097687193314865 -49,6107667779507
35,90837077897019 -86,87993318668967
28,85882915157855 -83,6385178474545
24,025187116857172 -80,91977049589859
19,07433479836191 -77,49734705201888
11,02024958882511 -69,36083735552843
9,17623283270428 -66,64499009951804
16,702155220210354 -75,52768140262093
23,27068971904357 -80,44653607581341
33,641618629310926 -85,91284556222716
32,603940390695115 -85,44817358893665
6,9232762475579435 -62,466643218411825
8,445803218166997 -65,41478873011431
12,552311340944344 -71,29141444805637
29,35224209494055 -83,8899497389357
29,07427983630893 -83,74883119410151
20,22030912226616 -78,3626530515436
26,602363597996327 -82,43102568548389
34,779814389959014 -86,40632592783737
42,442343243510955 -89,35934791544703
53,50852272302049 -92,79564411905986
58,50124296970108 -94,11868794606357
32,3268735574599 -85,32160050994995
25,628335724350112 -81,87780181363252
12,706711612372416 -71,47273287227813
7,52888544208238 -63,710353031350635
11,08529422252743 -69,44811771723178
15,991432112228097 -74,88275330019628
17,89806550999297 -76,55332808759482
19,24968802344599 -77,63306919660288
24,69012960678822 -81,32467307510508
34,14896783213221 -86,13484440721557
44,336896925698355 -90,00703479724142
24,81021471088068 -81,39663235124245
38,027320336831515 -87,7302689456427
30,83384536511786 -84,62029561497245
25,005631685682324 -81,51299189638138
19,902518634584922 -78,12770953929979
12,864015741594846 -71,65520962124013
10,173605506407254 -68,17526760753906
16,644308006042184 -75,47622515405297
22,717504264333265 -80,08971511312018
32,75109927926084 -85,51496385376245
30,882323892479334 -84,6435955956899
6,201431608910962 -60,833600384257664
27,10143154890531 -82,70668471381038
16,67058847191664 -75,49962428332128
11,644832158515637 -70,17844991586065
8,596496263013206 -65,67707849832627
4,261678190572347 -55,270179266140445
6,777001475579005 -62,14993336384413
13,317638266599674 -72,16918937242514
20,974329548283542 -78,9056481829654
32,09604343217401 -85,215318691718
37,85616764808609 -87,66336646939308
13,951693588951844 -72,85900964566072
52,95085544162625 -92,64026229077305
42,019448116318706 -89,21082925036906
25,564225315858874 -81,84065454133257
21,417895508195944 -79,21602756417576
26,5903911404101 -82,42434938542365
20,20456010409531 -78,35109698863491
13,33817787405761 -72,19204563707751
9,370432220554182 -66,95559114651907
13,144523726632322 -71,97513678720188
12,075261032375241 -70,71676642168102
15,872169164925127 -74,77172908246303
