0.44 2.1739130434782608	
0.55 4.3478260869565215	
0.62 6.521739130434782	
0.63 8.695652173913043	
0.66 10.869565217391305	
0.68 13.043478260869565	
0.81 15.217391304347828	
0.82 17.391304347826086	
0.98 19.565217391304348	
1.02 21.73913043478261	
1.06 23.91304347826087	
1.08 26.08695652173913	
1.08 28.26086956521739	
1.22 30.434782608695656	
1.23 32.608695652173914	
1.27 34.78260869565217	
1.27 36.95652173913043	
1.44 39.130434782608695	
1.53 41.30434782608695	
1.55 43.47826086956522	
1.55 45.65217391304348	
1.78 47.82608695652174	
1.98 50.0	
2.06 52.17391304347826	
2.09 54.347826086956516	
2.11 56.52173913043478	
2.55 58.69565217391305	
2.59 60.86956521739131	
2.66 63.04347826086957	
2.86 65.21739130434783	
2.86 67.3913043478261	
3.02 69.56521739130434	
3.16 71.73913043478261	
3.23 73.91304347826086	
3.32 76.08695652173914	
3.77 78.26086956521739	
3.81 80.43478260869566	
3.87 82.6086956521739	
4.53 84.78260869565217	
4.56 86.95652173913044	
4.8 89.13043478260869	
5.15 91.30434782608695	
5.68 93.47826086956522	
5.8 95.65217391304348	
5.98 97.82608695652173	
6.49 100.0	
