0.51 2.1739130434782608	
0.51 4.3478260869565215	
0.6 6.521739130434782	
0.68 8.695652173913043	
0.69 10.869565217391305	
0.74 13.043478260869565	
1.09 15.217391304347828	
1.14 17.391304347826086	
1.23 19.565217391304348	
1.34 21.73913043478261	
1.47 23.91304347826087	
1.47 26.08695652173913	
1.52 28.26086956521739	
1.53 30.434782608695656	
1.62 32.608695652173914	
1.74 34.78260869565217	
1.81 36.95652173913043	
1.89 39.130434782608695	
1.9 41.30434782608695	
2.05 43.47826086956522	
2.08 45.65217391304348	
2.17 47.82608695652174	
2.28 50.0	
2.42 52.17391304347826	
2.53 54.347826086956516	
2.65 56.52173913043478	
2.66 58.69565217391305	
2.82 60.86956521739131	
2.88 63.04347826086957	
2.89 65.21739130434783	
3.28 67.3913043478261	
3.37 69.56521739130434	
3.93 71.73913043478261	
3.99 73.91304347826086	
4.03 76.08695652173914	
4.04 78.26086956521739	
4.16 80.43478260869566	
4.28 82.6086956521739	
4.41 84.78260869565217	
6.08 86.95652173913044	
6.49 89.13043478260869	
7.96 91.30434782608695	
9.11 93.47826086956522	
9.17 95.65217391304348	
9.55 97.82608695652173	
9.88 100.0	
