0.23 2.1739130434782608	
0.35 4.3478260869565215	
0.61 6.521739130434782	
0.69 8.695652173913043	
0.69 10.869565217391305	
0.77 13.043478260869565	
0.92 15.217391304347828	
0.96 17.391304347826086	
1.02 19.565217391304348	
1.18 21.73913043478261	
1.21 23.91304347826087	
1.26 26.08695652173913	
1.31 28.26086956521739	
1.35 30.434782608695656	
1.49 32.608695652173914	
1.49 34.78260869565217	
1.5 36.95652173913043	
1.59 39.130434782608695	
1.64 41.30434782608695	
1.79 43.47826086956522	
1.81 45.65217391304348	
1.85 47.82608695652174	
1.85 50.0	
1.92 52.17391304347826	
1.95 54.347826086956516	
2.13 56.52173913043478	
2.13 58.69565217391305	
2.22 60.86956521739131	
2.25 63.04347826086957	
2.27 65.21739130434783	
2.38 67.3913043478261	
2.49 69.56521739130434	
2.58 71.73913043478261	
2.59 73.91304347826086	
2.63 76.08695652173914	
2.85 78.26086956521739	
2.87 80.43478260869566	
2.96 82.6086956521739	
3.0 84.78260869565217	
3.04 86.95652173913044	
3.07 89.13043478260869	
3.1 91.30434782608695	
3.13 93.47826086956522	
3.27 95.65217391304348	
4.44 97.82608695652173	
12.65 100.0	
