0.57 2.1739130434782608	
0.68 4.3478260869565215	
0.85 6.521739130434782	
1.06 8.695652173913043	
1.08 10.869565217391305	
1.09 13.043478260869565	
1.14 15.217391304347828	
1.27 17.391304347826086	
1.34 19.565217391304348	
1.44 21.73913043478261	
1.47 23.91304347826087	
1.55 26.08695652173913	
1.59 28.26086956521739	
1.71 30.434782608695656	
1.73 32.608695652173914	
1.78 34.78260869565217	
2.0 36.95652173913043	
2.02 39.130434782608695	
2.05 41.30434782608695	
2.09 43.47826086956522	
2.15 45.65217391304348	
2.32 47.82608695652174	
2.45 50.0	
2.65 52.17391304347826	
2.66 54.347826086956516	
2.82 56.52173913043478	
2.86 58.69565217391305	
2.88 60.86956521739131	
2.89 63.04347826086957	
3.02 65.21739130434783	
3.57 67.3913043478261	
4.02 69.56521739130434	
4.09 71.73913043478261	
4.15 73.91304347826086	
4.2 76.08695652173914	
4.28 78.26086956521739	
4.41 80.43478260869566	
4.56 82.6086956521739	
5.02 84.78260869565217	
5.84 86.95652173913044	
6.1 89.13043478260869	
6.28 91.30434782608695	
6.33 93.47826086956522	
7.68 95.65217391304348	
7.96 97.82608695652173	
11.07 100.0	
