0.5 2.1739130434782608	
0.51 4.3478260869565215	
0.55 6.521739130434782	
0.62 8.695652173913043	
0.63 10.869565217391305	
0.81 13.043478260869565	
0.84 15.217391304347828	
0.85 17.391304347826086	
0.85 19.565217391304348	
0.85 21.73913043478261	
0.96 23.91304347826087	
1.06 26.08695652173913	
1.08 28.26086956521739	
1.11 30.434782608695656	
1.19 32.608695652173914	
1.32 34.78260869565217	
1.39 36.95652173913043	
1.41 39.130434782608695	
1.49 41.30434782608695	
1.61 43.47826086956522	
1.67 45.65217391304348	
1.82 47.82608695652174	
1.97 50.0	
1.98 52.17391304347826	
2.09 54.347826086956516	
2.15 56.52173913043478	
2.15 58.69565217391305	
2.19 60.86956521739131	
2.38 63.04347826086957	
2.48 65.21739130434783	
2.53 67.3913043478261	
2.58 69.56521739130434	
2.59 71.73913043478261	
2.6 73.91304347826086	
2.63 76.08695652173914	
2.84 78.26086956521739	
2.85 80.43478260869566	
2.95 82.6086956521739	
3.07 84.78260869565217	
3.2 86.95652173913044	
3.41 89.13043478260869	
3.55 91.30434782608695	
3.65 93.47826086956522	
4.05 95.65217391304348	
7.48 97.82608695652173	
10.45 100.0	
