0.36 2.1739130434782608	
0.63 4.3478260869565215	
0.65 6.521739130434782	
0.82 8.695652173913043	
0.88 10.869565217391305	
0.91 13.043478260869565	
0.96 15.217391304347828	
1.08 17.391304347826086	
1.15 19.565217391304348	
1.15 21.73913043478261	
1.16 23.91304347826087	
1.17 26.08695652173913	
1.22 28.26086956521739	
1.29 30.434782608695656	
1.43 32.608695652173914	
1.53 34.78260869565217	
1.7 36.95652173913043	
1.74 39.130434782608695	
1.87 41.30434782608695	
1.92 43.47826086956522	
1.97 45.65217391304348	
1.98 47.82608695652174	
1.99 50.0	
2.08 52.17391304347826	
2.09 54.347826086956516	
2.35 56.52173913043478	
2.51 58.69565217391305	
2.62 60.86956521739131	
2.73 63.04347826086957	
2.8 65.21739130434783	
2.86 67.3913043478261	
3.55 69.56521739130434	
3.57 71.73913043478261	
3.77 73.91304347826086	
4.27 76.08695652173914	
4.75 78.26086956521739	
4.85 80.43478260869566	
5.06 82.6086956521739	
6.03 84.78260869565217	
6.8 86.95652173913044	
7.08 89.13043478260869	
7.21 91.30434782608695	
7.41 93.47826086956522	
8.7 95.65217391304348	
12.48 97.82608695652173	
13.67 100.0	
