0.1 2.1739130434782608	
0.15 4.3478260869565215	
0.16 6.521739130434782	
0.16 8.695652173913043	
0.18 10.869565217391305	
0.21 13.043478260869565	
0.21 15.217391304347828	
0.22 17.391304347826086	
0.3 19.565217391304348	
0.3 21.73913043478261	
0.32 23.91304347826087	
0.35 26.08695652173913	
0.37 28.26086956521739	
0.38 30.434782608695656	
0.38 32.608695652173914	
0.39 34.78260869565217	
0.41 36.95652173913043	
0.41 39.130434782608695	
0.42 41.30434782608695	
0.43 43.47826086956522	
0.43 45.65217391304348	
0.47 47.82608695652174	
0.47 50.0	
0.47 52.17391304347826	
0.51 54.347826086956516	
0.51 56.52173913043478	
0.51 58.69565217391305	
0.57 60.86956521739131	
0.57 63.04347826086957	
0.58 65.21739130434783	
0.58 67.3913043478261	
0.58 69.56521739130434	
0.59 71.73913043478261	
0.61 73.91304347826086	
0.61 76.08695652173914	
0.67 78.26086956521739	
0.69 80.43478260869566	
0.69 82.6086956521739	
0.75 84.78260869565217	
0.78 86.95652173913044	
0.81 89.13043478260869	
0.83 91.30434782608695	
0.91 93.47826086956522	
0.91 95.65217391304348	
1.11 97.82608695652173	
1.29 100.0	
