0.13 2.1739130434782608	
0.27 4.3478260869565215	
0.29 6.521739130434782	
0.35 8.695652173913043	
0.35 10.869565217391305	
0.38 13.043478260869565	
0.39 15.217391304347828	
0.44 17.391304347826086	
0.46 19.565217391304348	
0.47 21.73913043478261	
0.51 23.91304347826087	
0.51 26.08695652173913	
0.51 28.26086956521739	
0.52 30.434782608695656	
0.53 32.608695652173914	
0.54 34.78260869565217	
0.54 36.95652173913043	
0.55 39.130434782608695	
0.56 41.30434782608695	
0.57 43.47826086956522	
0.57 45.65217391304348	
0.6 47.82608695652174	
0.61 50.0	
0.61 52.17391304347826	
0.62 54.347826086956516	
0.63 56.52173913043478	
0.65 58.69565217391305	
0.66 60.86956521739131	
0.66 63.04347826086957	
0.68 65.21739130434783	
0.69 67.3913043478261	
0.69 69.56521739130434	
0.7 71.73913043478261	
0.7 73.91304347826086	
0.73 76.08695652173914	
0.75 78.26086956521739	
0.76 80.43478260869566	
0.76 82.6086956521739	
0.8 84.78260869565217	
0.81 86.95652173913044	
0.84 89.13043478260869	
0.85 91.30434782608695	
0.93 93.47826086956522	
1.01 95.65217391304348	
1.01 97.82608695652173	
1.26 100.0	
